31 31 31 31 1 1 
31 31 31 31 1 3 
31 31 31 31 1 5 
31 31 31 31 1 7 
31 31 31 31 1 9 
31 31 31 31 1 11 
31 31 31 31 1 13 
31 31 31 31 1 15 
31 31 31 31 1 17 
31 31 31 31 1 19 
31 31 31 31 1 21 
31 31 31 31 1 23 
31 31 31 31 1 25 
31 31 31 31 1 27 
31 31 31 31 1 29 
31 31 31 31 1 31 
31 31 31 31 3 1 
31 31 31 31 3 3 
31 31 31 31 3 5 
31 31 31 31 3 7 
31 31 31 31 3 9 
31 31 31 31 3 11 
31 31 31 31 3 13 
31 31 31 31 3 15 
31 31 31 31 3 17 
31 31 31 31 3 19 
31 31 31 31 3 21 
31 31 31 31 3 23 
31 31 31 31 3 25 
31 31 31 31 3 27 
31 31 31 31 3 29 
31 31 31 31 3 31 
31 31 31 31 5 1 
31 31 31 31 5 3 
31 31 31 31 5 5 
31 31 31 31 5 7 
31 31 31 31 5 9 
31 31 31 31 5 11 
31 31 31 31 5 13 
31 31 31 31 5 15 
31 31 31 31 5 17 
31 31 31 31 5 19 
31 31 31 31 5 21 
31 31 31 31 5 23 
31 31 31 31 5 25 
31 31 31 31 5 27 
31 31 31 31 5 29 
31 31 31 31 5 31 
31 31 31 31 7 1 
31 31 31 31 7 3 
31 31 31 31 7 5 
31 31 31 31 7 7 
31 31 31 31 7 9 
31 31 31 31 7 11 
31 31 31 31 7 13 
31 31 31 31 7 15 
31 31 31 31 7 17 
31 31 31 31 7 19 
31 31 31 31 7 21 
31 31 31 31 7 23 
31 31 31 31 7 25 
31 31 31 31 7 27 
31 31 31 31 7 29 
31 31 31 31 7 31 
31 31 31 31 9 1 
31 31 31 31 9 3 
31 31 31 31 9 5 
31 31 31 31 9 7 
31 31 31 31 9 9 
31 31 31 31 9 11 
31 31 31 31 9 13 
31 31 31 31 9 15 
31 31 31 31 9 17 
31 31 31 31 9 19 
31 31 31 31 9 21 
31 31 31 31 9 23 
31 31 31 31 9 25 
31 31 31 31 9 27 
31 31 31 31 9 29 
31 31 31 31 9 31 
31 31 31 31 11 1 
31 31 31 31 11 3 
31 31 31 31 11 5 
31 31 31 31 11 7 
31 31 31 31 11 9 
31 31 31 31 11 11 
31 31 31 31 11 13 
31 31 31 31 11 15 
31 31 31 31 11 17 
31 31 31 31 11 19 
31 31 31 31 11 21 
31 31 31 31 11 23 
31 31 31 31 11 25 
31 31 31 31 11 27 
31 31 31 31 11 29 
31 31 31 31 11 31 
31 31 31 31 13 1 
31 31 31 31 13 3 
31 31 31 31 13 5 
31 31 31 31 13 7 
31 31 31 31 13 9 
31 31 31 31 13 11 
31 31 31 31 13 13 
31 31 31 31 13 15 
31 31 31 31 13 17 
31 31 31 31 13 19 
31 31 31 31 13 21 
31 31 31 31 13 23 
31 31 31 31 13 25 
31 31 31 31 13 27 
31 31 31 31 13 29 
31 31 31 31 13 31 
31 31 31 31 15 1 
31 31 31 31 15 3 
31 31 31 31 15 5 
31 31 31 31 15 7 
31 31 31 31 15 9 
31 31 31 31 15 11 
31 31 31 31 15 13 
31 31 31 31 15 15 
31 31 31 31 15 17 
31 31 31 31 15 19 
31 31 31 31 15 21 
31 31 31 31 15 23 
31 31 31 31 15 25 
31 31 31 31 15 27 
31 31 31 31 15 29 
31 31 31 31 15 31 
31 31 31 31 17 1 
31 31 31 31 17 3 
31 31 31 31 17 5 
31 31 31 31 17 7 
31 31 31 31 17 9 
31 31 31 31 17 11 
31 31 31 31 17 13 
31 31 31 31 17 15 
31 31 31 31 17 17 
31 31 31 31 17 19 
31 31 31 31 17 21 
31 31 31 31 17 23 
31 31 31 31 17 25 
31 31 31 31 17 27 
31 31 31 31 17 29 
31 31 31 31 17 31 
31 31 31 31 19 1 
31 31 31 31 19 3 
31 31 31 31 19 5 
31 31 31 31 19 7 
31 31 31 31 19 9 
31 31 31 31 19 11 
31 31 31 31 19 13 
31 31 31 31 19 15 
31 31 31 31 19 17 
31 31 31 31 19 19 
31 31 31 31 19 21 
31 31 31 31 19 23 
31 31 31 31 19 25 
31 31 31 31 19 27 
31 31 31 31 19 29 
31 31 31 31 19 31 
31 31 31 31 21 1 
31 31 31 31 21 3 
31 31 31 31 21 5 
31 31 31 31 21 7 
31 31 31 31 21 9 
31 31 31 31 21 11 
31 31 31 31 21 13 
31 31 31 31 21 15 
31 31 31 31 21 17 
31 31 31 31 21 19 
31 31 31 31 21 21 
31 31 31 31 21 23 
31 31 31 31 21 25 
31 31 31 31 21 27 
31 31 31 31 21 29 
31 31 31 31 21 31 
31 31 31 31 23 1 
31 31 31 31 23 3 
31 31 31 31 23 5 
31 31 31 31 23 7 
31 31 31 31 23 9 
31 31 31 31 23 11 
31 31 31 31 23 13 
31 31 31 31 23 15 
31 31 31 31 23 17 
31 31 31 31 23 19 
31 31 31 31 23 21 
31 31 31 31 23 23 
31 31 31 31 23 25 
31 31 31 31 23 27 
31 31 31 31 23 29 
31 31 31 31 23 31 
31 31 31 31 25 1 
31 31 31 31 25 3 
31 31 31 31 25 5 
31 31 31 31 25 7 
31 31 31 31 25 9 
31 31 31 31 25 11 
31 31 31 31 25 13 
31 31 31 31 25 15 
31 31 31 31 25 17 
31 31 31 31 25 19 
31 31 31 31 25 21 
31 31 31 31 25 23 
31 31 31 31 25 25 
31 31 31 31 25 27 
31 31 31 31 25 29 
31 31 31 31 25 31 
31 31 31 31 27 1 
31 31 31 31 27 3 
31 31 31 31 27 5 
31 31 31 31 27 7 
31 31 31 31 27 9 
31 31 31 31 27 11 
31 31 31 31 27 13 
31 31 31 31 27 15 
31 31 31 31 27 17 
31 31 31 31 27 19 
31 31 31 31 27 21 
31 31 31 31 27 23 
31 31 31 31 27 25 
31 31 31 31 27 27 
31 31 31 31 27 29 
31 31 31 31 27 31 
31 31 31 31 29 1 
31 31 31 31 29 3 
31 31 31 31 29 5 
31 31 31 31 29 7 
31 31 31 31 29 9 
31 31 31 31 29 11 
31 31 31 31 29 13 
31 31 31 31 29 15 
31 31 31 31 29 17 
31 31 31 31 29 19 
31 31 31 31 29 21 
31 31 31 31 29 23 
31 31 31 31 29 25 
31 31 31 31 29 27 
31 31 31 31 29 29 
31 31 31 31 29 31 
31 31 31 31 31 1 
31 31 31 31 31 3 
31 31 31 31 31 5 
31 31 31 31 31 7 
31 31 31 31 31 9 
31 31 31 31 31 11 
31 31 31 31 31 13 
31 31 31 31 31 15 
31 31 31 31 31 17 
31 31 31 31 31 19 
31 31 31 31 31 21 
31 31 31 31 31 23 
31 31 31 31 31 25 
31 31 31 31 31 27 
31 31 31 31 31 29 
31 31 31 31 31 31 
