100 50 120 100 150 50
50 20 50 60 20 70
120 100 150 50 100 50
60 140 120 80 20 40
140 120 80 20 40 60
60 150 120 50 20 20
20 20 60 140 120 80
50 60 20 70 50 20
60 140 120 80 20 40
140 120 80 20 40 60
60 150 120 50 20 20
50 40 40 110 70 150
20 60 140 120 80 20
140 120 80 20 20 60
50 20 50 60 20 70
50 40 40 110 70 150
110 120 120 110 120 120
80 20 20 60 140 120
110 80 110 50 20 170
120 80 20 40 60 140
80 70 20 120 170 120
20 170 110 80 110 50
120 100 150 50 100 50
100 50 120 100 150 50
110 50 50 90 200 170
200 170 110 50 50 90
90 110 100 90 110 100
170 110 50 50 90 180
80 70 20 120 170 120
50 90 200 170 110 50
90 200 170 110 50 50
50 90 200 170 110 50