80 50 30 50 140 80
110 80 60 90 120 140
100 150 70 50 80 150
170 80 120 100 70 150
110 60 90 120 140 110
60 30 50 20 20 40
250 200 300 250 200 150
60 80 50 20 90 70
20 80 140 50 60 110
150 80 170 130 110 100
110 100 80 70 50 40
100 40 50 110 150 50
20 0 20 0 20 0
100 120 80 170 150 70
80 50 20 20 50 80
150 50 90 70 50 100
150 50 90 70 50 100
70 90 130 130 100 60
80 60 20 90 70 50
150 50 100 90 130 20
110 80 60 90 120 140
100 150 70 50 80 150
70 170 120 130 90 200
80 90 50 50 60 80
70 170 120 130 90 200
110 170 110 140 170 140
80 60 90 120 140 90
60 80 50 20 90 70
110 100 80 70 50 40
100 40 50 110 150 50
70 90 120 130 100 60






