323
500000001 250000000500000000
250000000500000000 500000001
500000002 125000000500000000
125000000500000000 500000002
500000004 62500000500000000
62500000500000000 500000004
500000005 50000000500000000
50000000500000000 500000005
500000008 31250000500000000
31250000500000000 500000008
500000010 25000000500000000
25000000500000000 500000010
500000016 15625000500000000
15625000500000000 500000016
500000020 12500000500000000
12500000500000000 500000020
500000025 10000000500000000
10000000500000000 500000025
500000032 7812500500000000
7812500500000000 500000032
500000040 6250000500000000
6250000500000000 500000040
500000050 5000000500000000
5000000500000000 500000050
500000064 3906250500000000
3906250500000000 500000064
500000080 3125000500000000
3125000500000000 500000080
500000100 2500000500000000
2500000500000000 500000100
500000125 2000000500000000
2000000500000000 500000125
500000128 1953125500000000
1953125500000000 500000128
500000160 1562500500000000
1562500500000000 500000160
500000200 1250000500000000
1250000500000000 500000200
500000250 1000000500000000
1000000500000000 500000250
500000256 976563000000000
976563000000000 500000256
500000320 781250500000000
781250500000000 500000320
500000400 625000500000000
625000500000000 500000400
500000500 500000500000000
500000500000000 500000500
500000512 488281750000000
488281750000000 500000512
500000625 400000500000000
400000500000000 500000625
500000640 390625500000000
390625500000000 500000640
500000800 312500500000000
312500500000000 500000800
500001000 250000500000000
250000500000000 500001000
500001024 244141125000000
244141125000000 500001024
500001250 200000500000000
200000500000000 500001250
500001280 195313000000000
195313000000000 500001280
500001600 156250500000000
156250500000000 500001600
500002000 125000500000000
125000500000000 500002000
500002048 122070812500000
122070812500000 500002048
500002500 100000500000000
100000500000000 500002500
500002560 97656750000000
97656750000000 500002560
500003125 80000500000000
80000500000000 500003125
500003200 78125500000000
78125500000000 500003200
500004000 62500500000000
62500500000000 500004000
500004096 61035656250000
61035656250000 500004096
500005000 50000500000000
50000500000000 500005000
500005120 48828625000000
48828625000000 500005120
500006250 40000500000000
40000500000000 500006250
500006400 39063000000000
39063000000000 500006400
500008000 31250500000000
31250500000000 500008000
500008192 30518078125000
30518078125000 500008192
500010000 25000500000000
25000500000000 500010000
500010240 24414562500000
24414562500000 500010240
500012500 20000500000000
20000500000000 500012500
500012800 19531750000000
19531750000000 500012800
500015625 16000500000000
16000500000000 500015625
500016000 15625500000000
15625500000000 500016000
500016384 15259289062500
15259289062500 500016384
500020000 12500500000000
12500500000000 500020000
500020480 12207531250000
12207531250000 500020480
500025000 10000500000000
10000500000000 500025000
500025600 9766125000000
9766125000000 500025600
500031250 8000500000000
8000500000000 500031250
500032000 7813000000000
7813000000000 500032000
500032768 7629894531250
7629894531250 500032768
500040000 6250500000000
6250500000000 500040000
500040960 6104015625000
6104015625000 500040960
500050000 5000500000000
5000500000000 500050000
500051200 4883312500000
4883312500000 500051200
500062500 4000500000000
4000500000000 500062500
500064000 3906750000000
3906750000000 500064000
500065536 3815197265625
3815197265625 500065536
500078125 3200500000000
3200500000000 500078125
500080000 3125500000000
3125500000000 500080000
500081920 3052257812500
3052257812500 500081920
500100000 2500500000000
2500500000000 500100000
500102400 2441906250000
2441906250000 500102400
500125000 2000500000000
2000500000000 500125000
500128000 1953625000000
1953625000000 500128000
500156250 1600500000000
1600500000000 500156250
500160000 1563000000000
1563000000000 500160000
500163840 1526378906250
1526378906250 500163840
500200000 1250500000000
1250500000000 500200000
500204800 1221203125000
1221203125000 500204800
500250000 1000500000000
1000500000000 500250000
500256000 977062500000
977062500000 500256000
500312500 800500000000
800500000000 500312500
500320000 781750000000
781750000000 500320000
500327680 763439453125
763439453125 500327680
500390625 640500000000
640500000000 500390625
500400000 625500000000
625500000000 500400000
500409600 610851562500
610851562500 500409600
500500000 500500000000
500500000000 500500000
500512000 488781250000
488781250000 500512000
500625000 400500000000
400500000000 500625000
500640000 391125000000
391125000000 500640000
500781250 320500000000
320500000000 500781250
500800000 313000000000
313000000000 500800000
500819200 305675781250
305675781250 500819200
501000000 250500000000
250500000000 501000000
501024000 244640625000
244640625000 501024000
501250000 200500000000
200500000000 501250000
501280000 195812500000
195812500000 501280000
501562500 160500000000
160500000000 501562500
501600000 156750000000
156750000000 501600000
501638400 153087890625
153087890625 501638400
501953125 128500000000
128500000000 501953125
502000000 125500000000
125500000000 502000000
502048000 122570312500
122570312500 502048000
502500000 100500000000
100500000000 502500000
502560000 98156250000
98156250000 502560000
503125000 80500000000
80500000000 503125000
503200000 78625000000
78625000000 503200000
503906250 64500000000
64500000000 503906250
504000000 63000000000
63000000000 504000000
504096000 61535156250
61535156250 504096000
505000000 50500000000
50500000000 505000000
505120000 49328125000
49328125000 505120000
506250000 40500000000
40500000000 506250000
506400000 39562500000
39562500000 506400000
507812500 32500000000
32500000000 507812500
508000000 31750000000
31750000000 508000000
508192000 31017578125
31017578125 508192000
509765625 26100000000
26100000000 509765625
510000000 25500000000
25500000000 510000000
510240000 24914062500
24914062500 510240000
512500000 20500000000
20500000000 512500000
512800000 20031250000
20031250000 512800000
515625000 16500000000
16500000000 515625000
516000000 16125000000
16125000000 516000000
519531250 13300000000
13300000000 519531250
520000000 13000000000
13000000000 520000000
520480000 12707031250
12707031250 520480000
525000000 10500000000
10500000000 525000000
525600000 10265625000
10265625000 525600000
531250000 8500000000
8500000000 531250000
532000000 8312500000
8312500000 532000000
539062500 6900000000
6900000000 539062500
540000000 6750000000
6750000000 540000000
540960000 6603515625
6603515625 540960000
548828125 5620000000
5620000000 548828125
550000000 5500000000
5500000000 550000000
551200000 5382812500
5382812500 551200000
562500000 4500000000
4500000000 562500000
564000000 4406250000
4406250000 564000000
578125000 3700000000
3700000000 578125000
580000000 3625000000
3625000000 580000000
597656250 3060000000
3060000000 597656250
600000000 3000000000
3000000000 600000000
602400000 2941406250
2941406250 602400000
625000000 2500000000
2500000000 625000000
628000000 2453125000
2453125000 628000000
656250000 2100000000
2100000000 656250000
660000000 2062500000
2062500000 660000000
695312500 1780000000
1780000000 695312500
700000000 1750000000
1750000000 700000000
704800000 1720703125
1720703125 704800000
744140625 1524000000
1524000000 744140625
750000000 1500000000
1500000000 750000000
756000000 1476562500
1476562500 756000000
812500000 1300000000
1300000000 812500000
820000000 1281250000
1281250000 820000000
890625000 1140000000
1140000000 890625000
900000000 1125000000
1125000000 900000000
988281250 1012000000
1012000000 988281250
1000000000 1000000000

