60 140 120 80 20 40	150
120 100 150 50 100 50	260
140 120 80 20 40 60	180
110 60 90 120 140 200	200
80 20 20 200 100 120	210
100 40 50 110 150 50	170
110 100 40 50 150 60    250
110 40 120 80 120 120   230
60 80 50 20 90 70       240
110 60 120 90 150 50    250
100 60 140 120 80 20    280
150 50 90 70 50 100     270
150 50 90 120 100 180   300
60 90 50 120 110 150    270
100 50 150 70 120 140   290
120 100 150 50 100 50   320
160 140 120 160 120 140 340
200 200 160 180 160 180 470
50 140 90 160 120 100   340
60 150 120 50 110 90    340
80 110 150 120 30 50    380
70 120 150 120 100 60   370
120 50 100 110 90 140   370
170 110 80 130 100 140  370
120 100 50 150 100 50   370
90 150 110 120 70 130   370
120 150 50 150 160 180  360
170 110 80 130 100 140  340
120 90 100 110 180 50   400
80 60 100 120 180 140   340
200 100 120 50 100 50   450
50 40 90 180 100 60     450
130 180 70 130 100 60   400
110 90 150 120 70 130   450
110 50 60 90 40 200     450
70 90 130 100 200 60    450
170 150 50 150 200 180  470